#ZVView-data-copy:   7-Nov-2022 20:46:48
#=======================================
#
#name:   JENDL-5: PB-208(G,F)
#X.axis: Incident Energy
#Y.axis: Cross Section
#wdata:  2
#ldata:  52
#data...
#            X            Y
#          MeV        barns
          18.5            0
            19   1.2017e-21
          19.5    1.357e-20
            20   1.4383e-19
            21   1.6534e-17
            22   1.9747e-15
            23     1.73e-13
            24   1.9388e-12
            25   1.4993e-11
            26   1.0532e-10
            27    4.818e-10
            28   1.54329e-9
            29   3.90096e-9
            30   8.33899e-9
            32   2.70305e-8
            34    6.4613e-8
            36   1.27031e-7
            38   2.19588e-7
            40    3.4883e-7
            42   5.24608e-7
            44   7.61375e-7
            46   1.07877e-6
            48   1.49951e-6
            50   2.05071e-6
            52   2.75975e-6
            54   3.64874e-6
            56   4.74767e-6
            58   6.07463e-6
            60   7.64907e-6
            62   9.47832e-6
            64    1.1591e-5
            66   1.39611e-5
            68   1.66056e-5
            70   1.95244e-5
            72   2.27288e-5
            74   2.61596e-5
            76   2.98352e-5
            78   3.38087e-5
            80    3.7967e-5
            85   4.92794e-5
            90   6.17668e-5
            95   7.50883e-5
           100   8.92317e-5
           110  0.000119293
           120  0.000150995
           130  0.000185486
           140  0.000223805
           150  0.000259057
           160  0.000296369
           170  0.000335306
           190  0.000416999
           200  0.000458589
//
#-------------------------------------------------------------------------------