#ZVView-data-copy:   8-Apr-2021 23:43:34
#=======================================
#
#name:   JENDL-4.0/HE: U-235(P,F)
#X.axis: Incident Energy
#Y.axis: Cross Section
#wdata:  2
#ldata:  36
#data...
#            X            Y
#          MeV        barns
             4            0
             5    3.3735e-6
             6    6.6993e-5
             7   0.00060593
             8    0.0034114
             9     0.014748
            10     0.047771
            11      0.11534
            12      0.21421
            13      0.32866
            14      0.45023
            16      0.70331
            17       0.8224
            18      0.92976
            19       1.0259
            20       1.1126
            22       1.2595
            24       1.3802
            26        1.479
            28       1.5594
            30       1.6243
            35       1.7393
            40       1.8157
            45       1.8641
            50       1.8974
            55       1.9185
            60       1.9338
            65        1.944
            70       1.9501
            75       1.9458
            80       1.9369
            85        1.923
           100       1.8644
           180       1.7467
           190       1.7275
           200       1.7138
//
#-------------------------------------------------------------------------------