Serial No	Date	Days	Read Type	Cons Read	Cons kWh	Cons $	Avg Daily Cons	Dem Read
28614714	Feb-07-2024	31	RR	69902	1427	98.46	46.03	10.528
28614714	Jan-07-2024	31	RR	68475	1620	111.78	52.26	11.212
28614714	Dec-07-2023	30	RR	66855	1399	96.53	46.63	11.596
28614714	Nov-07-2023	31	RR	65456	1222	84.32	39.42	10.428
28614714	Oct-07-2023	30	RR	64234	1280	88.32	42.67	11.792
28614714	Sep-07-2023	31	RR	62954	1545	104.29	49.84	12.064
28614714	Aug-07-2023	31	RR	61409	1727	116.57	55.71	11.812
28614714	Jul-07-2023	30	RR	59682	820	55.35	27.33	9.556
28614714	Jun-07-2023	31	RR	58862	586	39.56	18.9	7.64
28614714	May-07-2023	30	RR	58276	897	60.55	29.9	7.552
28614714	Apr-07-2023	31	RR	57379	1286	86.81	41.48	8.312
28614714	Mar-07-2023	28	RR	56093	1200	81	42.86	8.604
28614714	Feb-07-2023	31	RR	54893	1307	88.22	42.16	11.276
28614714	Jan-07-2023	31	RR	53586	1613	108.88	52.03	11.588
28614714	Dec-07-2022	30	RR	51973	1161	78.37	38.7	8.436
28614714	Nov-07-2022	26	RR	50812	1038	70.07	39.92	8.052
28614714	Oct-12-2022	28	RR	49774	747	50.42	26.68	7.54
28614714	Sep-14-2022	36	RR	49027	1823	113.94	50.64	13.48
28614714	Aug-09-2022	22	RR	47204	1236	77.25	56.18	11.208
28614714	Jul-18-2022	34	RR	45968	1587	99.19	46.68	11.84
28614714	Jun-14-2022	35	RR	44381	1246	77.88	35.6	10.976
28614714	May-10-2022	28	RR	43135	878	54.88	31.36	12.6
28614714	Apr-12-2022	34	RR	42257	892	55.75	26.24	7.66
28614714	Mar-09-2022	28	RR	41365	956	59.75	34.14	11.496
28614714	Feb-09-2022	28	RR	40409	983	61.44	35.11	9.5
28614714	Jan-12-2022	29	RR	39426	1323	82.69	45.62	12.496
28614714	Dec-14-2021	29	RR	38103	1314	82.13	45.31	9.836
28614714	Nov-15-2021	28	RR	36789	900	56.25	32.14	7.304
28614714	Oct-18-2021	33	RR	35889	940	58.75	28.48	9.288
28614714	Sep-15-2021	35	RR	34949	1615	97.71	46.14	12.184
28614714	Aug-11-2021	28	RR	33334	1484	89.78	53	12.84
28614714	Jul-14-2021	30	RR	31850	1740	105.27	58	11.648
28614714	Jun-14-2021	33	RR	30110	1232	74.54	37.33	13.868
28614714	May-12-2021	28	RR	28878	906	54.82	32.36	7.752
28614714	Apr-14-2021	35	RR	27972	1411	85.37	40.31	9.384
28614714	Mar-10-2021	28	RR	26561	1157	70	41.32	11.952
28614714	Feb-10-2021	28	RR	25404	1242	75.15	44.36	9.16
28614714	Jan-13-2021	30	RR	24162	1643	99.4	54.77	12.32
28614714	Dec-14-2020	31	RR	22519	1640	99.22	52.9	9.18
28614714	Nov-13-2020	30	RR	20879	1553	93.95	51.77	9.964
28614714	Oct-14-2020	30	RR	19326	1276	77.2	42.53	9.488
28614714	Sep-14-2020	32	RR	18050	1811	109.57	56.59	13.82
28614714	Aug-13-2020	30	RR	16239	1805	109.2	60.17	13.88
28614714	Jul-14-2020	33	RR	14434	1686.553	102.07	51.11	13.56
28614714	Jun-11-2020	29	RR	12747	1259	76.17	43.41	11.776
28614714	May-13-2020	30	RR	11489	1419	85.85	47.32	10.144
28614714	Apr-13-2020	32	RR	10069	1767	106.91	55.22	13.528
28614714	Mar-12-2020	28	RR	8302	1261	76.29	45.02	9.424
28614714	Feb-13-2020	30	RR	7041	1466	88.7	48.85	9.512
28614714	Jan-14-2020	33	RR	5576	1896	114.71	57.45	10.184
28614714	Dec-12-2019	28	RR	3680	1406	85.07	50.21	9.032
28614714	Nov-14-2019	34	RR	2274	1528	92.44	44.95	8.62
28614714	Oct-11-2019	21	RR	746	746	62.44	35.52	10.844
28614714	Sep-20-2019	 	SET	0	 	 	 	0
16819181	Sep-20-2019	7	PULL	89807	286	 	40.86	0
16819181	Sep-13-2019	30	RR	89521	1416	85.67	47.2	10.608
16819181	Aug-14-2019	33	RR	88105	1447	87.55	43.85	11.896
16819181	Jul-12-2019	29	RR	86658	1045	63.22	36.03	9.616
16819181	Jun-13-2019	31	RR	85613	1052	63.65	33.94	8.548
16819181	May-13-2019	32	RR	84561	1108	67.03	34.63	9.46
16819181	Apr-11-2019	29	RR	83453	1232	74.54	42.48	8.16
16819181	Mar-13-2019	28	RR	82221	1357	82.1	48.46	9.632
16819181	Feb-13-2019	30	RR	80864	1382	83.62	46.07	11.612
16819181	Jan-14-2019	32	RR	79482	1627	98.44	50.84	11.516
16819181	Dec-13-2018	29	RR	77855	1400	84.7	48.28	9.164
16819181	Nov-14-2018	33	RR	76455	1673	101.21	50.7	10.564
16819181	Oct-12-2018	29	RR	74782	1830	110.72	63.1	10.868
16819181	Sep-13-2018	31	RR	72952	1799	108.84	58.03	13.044
16819181	Aug-13-2018	31	RR	71153	1600	96.8	51.61	11.908
16819181	Jul-13-2018	30	RR	69553	859	51.97	28.63	12.872
16819181	Jun-13-2018	33	RR	68694	997	60.32	30.21	9.636
16819181	May-11-2018	29	RR	67697	934	56.51	32.21	8.312
16819181	Apr-12-2018	30	RR	66763	1064	64.37	35.47	8.668
16819181	Mar-13-2018	28	RR	65699	1061	64.19	37.89	10.212
16819181	Mar-13-2018	 	RR	65699	1061	 	 	10.212
16819181	Feb-13-2018	28	RR	64638	1249	75.56	44.61	9.692
16819181	Jan-16-2018	34	RR	63389	1789	108.23	52.62	15.16
16819181	Dec-13-2017	29	RR	61600	1071	64.8	36.93	9.664
16819181	Nov-14-2017	32	RR	60529	1441	87.18	45.03	9.612
16819181	Oct-13-2017	29	RR	59088	977	57.65	33.69	6.96
16819181	Sep-14-2017	31	RR	58111	1438	83.12	46.39	10.156
16819181	Aug-14-2017	31	RR	56673	1798	103.92	58	10.764
16819181	Jul-14-2017	31	RR	54875	1676	96.87	54.06	11.28
16819181	Jun-13-2017	33	RR	53199	1321	76.35	40.03	10.52
16819181	May-11-2017	28	RR	51878	911	52.66	32.54	9.248
16819181	Apr-13-2017	31	RR	50967	1103	63.75	35.58	10.444
16819181	Mar-13-2017	28	RR	49864	1286	74.33	45.93	9.692
16819181	Feb-13-2017	31	RR	48578	1158	66.93	37.35	7.152
16819181	Jan-13-2017	30	RR	47420	1845	106.64	61.5	11.408
16819181	Dec-14-2016	30	RR	45575	1355	78.32	45.17	9.852
16819181	Nov-14-2016	31	RR	44220	1206	69.71	38.9	5.464
16819181	Oct-14-2016	30	RR	43014	1362	78.72	45.4	8.88
16819181	Sep-14-2016	34	RR	41652	1553	0	45.68	0
16819181	Aug-11-2016	35	RR	40099	1628	0	46.51	0
16819181	Jul-07-2016	31	RR	38471	1521	0	49.06	0
16819181	Jun-06-2016	28	RR	36950	1237	0	44.18	0
16819181	May-09-2016	31	RR	35713	1058	0	34.13	0
16819181	Apr-08-2016	31	RR	34655	1089	0	35.13	0
16819181	Mar-08-2016	29	RR	33566	1056	0	36.41	0
16819181	Feb-08-2016	31	RR	32510	1369	0	44.16	0
16819181	Jan-08-2016	31	RR	31141	1734	0	55.94	0
16819181	Dec-08-2015	29	RR	29407	1318	0	45.45	0
16819181	Nov-09-2015	31	RR	28089	1092	0	35.23	0
16819181	Oct-09-2015	30	RR	26997	1030	0	34.33	0