Z		Element	 A  GS/Isomer  	Total nu bar
90		Th		230		0		1.3900
90		Th		232		0		1.5000
91		Pa		231		0		1.7100
92		U		232		0		1.7100
92		U		234		0		1.8000
92		U		235		0		1.8700
92		U		236		0		1.9000
92		U		238		0		2.0000
94		Pu		236		0		2.1200
94		Pu		238		0		2.2100
94		Pu		239		0		2.3200
94		Pu		240		0		2.1510
94		Pu		242		0		2.1410
94		Pu		244		0		2.2900
95		Am		241		0		2.5000
95		Am		242		0		2.5600
95		Am		242		2		2.5600
95		Am		243		0		2.6100
96		Cm		242		0		2.5280
96		Cm		244		0		2.6875
96		Cm		246		0		2.9480
96		Cm		248		0		3.1610
97		Bk		249		0		3.4000
98		Cf		249		0		3.4000
98		Cf		250		0		3.5200
98		Cf		252		0		3.7676
99		Es		253		0		4.7000