#ZVView-data-copy:  29-Nov-2020 22:29:06
#=======================================
#
#name:   JENDL-4.0/HE: U-238(P,F)
#X.axis: Incident Energy
#Y.axis: Cross Section
#wdata:  2
#ldata:  38
#data...
#            X            Y
#          MeV        barns
             4            0
             5    3.4238e-6
             6    5.7708e-5
             7   0.00039856
             8    0.0020738
             9     0.010218
            10     0.036793
            11     0.092141
            12      0.17146
            13      0.26696
            14      0.38225
            15      0.50818
            16      0.62818
            17      0.73348
            18      0.82299
            19      0.89849
            20      0.96201
            22       1.0775
            24       1.2079
            26       1.3222
            28       1.4029
            30       1.4658
            35       1.5795
            40       1.6447
            45       1.6909
            50       1.7269
            55       1.7448
            60       1.7537
            70       1.7596
            75        1.752
            85       1.7328
            90       1.7278
           100       1.6864
           110       1.6913
           150       1.6612
           160       1.6498
           190       1.6296
           200       1.6194
//
#-------------------------------------------------------------------------------